Iter | Sampling Pol | Evaluation Pol | Best (Sampled) 
   0 -3500.09  0.00 -100000000.00 
   1 -3852.47  0.00 -3500.09 
   2 -4951.80  0.00 -3500.09 
   3 -3632.16  0.00 -3500.09 
   4 -3822.48  0.00 -3500.09 
   5 -2592.82  0.00 -3500.09 
   6 -3965.47  0.00 -2592.82 
   7 -3603.81  0.00 -2592.82 
   8 -4979.88  0.00 -2592.82 
   9 -3390.49  0.00 -2592.82 
  10 -3545.92  0.00 -2592.82 
  11 -4765.99  0.00 -2592.82 
  12 -3142.91  0.00 -2592.82 
  13 -4117.17  0.00 -2592.82 
  14 -3617.53  0.00 -2592.82 
  15 -3462.74  0.00 -2592.82 
  16 -3780.90  0.00 -2592.82 
  17 -2864.16  0.00 -2592.82 
  18 -4276.82  0.00 -2592.82 
  19 -3645.68  0.00 -2592.82 
  20 -2902.00  0.00 -2592.82 
  21 -3282.02  0.00 -2592.82 
  22 -3816.66  0.00 -2592.82 
  23 -3363.25  0.00 -2592.82 
  24 -3587.02  0.00 -2592.82 
  25 -4276.67  0.00 -2592.82 
  26 -3750.99  0.00 -2592.82 
  27 -4178.92  0.00 -2592.82 
  28 -4114.18  0.00 -2592.82 
  29 -4928.18  0.00 -2592.82 
  30 -4510.06  0.00 -2592.82 
  31 -3826.00  0.00 -2592.82 
  32 -4938.14  0.00 -2592.82 
  33 -3408.33  0.00 -2592.82 
  34 -4021.75  0.00 -2592.82 
  35 -3997.55  0.00 -2592.82 
  36 -4028.94  0.00 -2592.82 
  37 -4073.95  0.00 -2592.82 
  38 -4681.26  0.00 -2592.82 
  39 -3987.47  0.00 -2592.82 
  40 -4019.26  0.00 -2592.82 
  41 -4309.94  0.00 -2592.82 
  42 -4769.89  0.00 -2592.82 
  43 -3184.09  0.00 -2592.82 
  44 -3714.77  0.00 -2592.82 
  45 -3677.09  0.00 -2592.82 
  46 -3683.78  0.00 -2592.82 
  47 -3850.07  0.00 -2592.82 
  48 -3676.81  0.00 -2592.82 
  49 -4580.55  0.00 -2592.82 
  50 -3913.52  0.00 -2592.82 
  51 -4246.25  0.00 -2592.82 
  52 -3117.26  0.00 -2592.82 
  53 -4274.20  0.00 -2592.82 
  54 -4400.06  0.00 -2592.82 
  55 -3313.19  0.00 -2592.82 
  56 -3970.29  0.00 -2592.82 
  57 -3660.40  0.00 -2592.82 
  58 -3059.38  0.00 -2592.82 
  59 -4182.24  0.00 -2592.82 
  60 -4031.46  0.00 -2592.82 
  61 -4583.39  0.00 -2592.82 
  62 -4704.38  0.00 -2592.82 
  63 -4381.95  0.00 -2592.82 
  64 -3079.62  0.00 -2592.82 
  65 -3885.94  0.00 -2592.82 
  66 -4645.73  0.00 -2592.82 
  67 -3722.23  0.00 -2592.82 
  68 -4209.88  0.00 -2592.82 
  69 -3269.10  0.00 -2592.82 
  70 -3565.07  0.00 -2592.82 
  71 -3950.83  0.00 -2592.82 
  72 -3677.19  0.00 -2592.82 
  73 -3118.25  0.00 -2592.82 
  74 -3551.23  0.00 -2592.82 
  75 -4328.96  0.00 -2592.82 
  76 -3187.81  0.00 -2592.82 
  77 -3412.34  0.00 -2592.82 
  78 -4377.30  0.00 -2592.82 
  79 -4423.86  0.00 -2592.82 
  80 -3249.47  0.00 -2592.82 
  81 -4615.34  0.00 -2592.82 
  82 -4130.18  0.00 -2592.82 
  83 -3928.51  0.00 -2592.82 
  84 -4061.64  0.00 -2592.82 
  85 -3531.07  0.00 -2592.82 
  86 -3858.03  0.00 -2592.82 
  87 -3147.36  0.00 -2592.82 
  88 -3306.48  0.00 -2592.82 
  89 -3210.30  0.00 -2592.82 
  90 -2839.56  0.00 -2592.82 
  91 -3733.34  0.00 -2592.82 
  92 -3750.66  0.00 -2592.82 
  93 -3621.93  0.00 -2592.82 
  94 -2880.10  0.00 -2592.82 
  95 -3364.78  0.00 -2592.82 
  96 -3295.17  0.00 -2592.82 
  97 -3633.77  0.00 -2592.82 
  98 -2879.64  0.00 -2592.82 
  99 -3106.63  0.00 -2592.82 
 100 -2711.79  0.00 -2592.82 
 101 -3043.11  0.00 -2592.82 
 102 -2998.96  0.00 -2592.82 
 103 -3402.09  0.00 -2592.82 
 104 -3636.00  0.00 -2592.82 
 105 -3643.83  0.00 -2592.82 
 106 -3743.87  0.00 -2592.82 
 107 -3085.28  0.00 -2592.82 
 108 -3609.27  0.00 -2592.82 
 109 -3498.60  0.00 -2592.82 
 110 -3253.76  0.00 -2592.82 
 111 -3970.82  0.00 -2592.82 
 112 -2916.29  0.00 -2592.82 
 113 -3200.21  0.00 -2592.82 
 114 -3708.47  0.00 -2592.82 
 115 -3311.05  0.00 -2592.82 
 116 -3326.48  0.00 -2592.82 
 117 -3106.94  0.00 -2592.82 
 118 -3482.23  0.00 -2592.82 
 119 -3898.06  0.00 -2592.82 
 120 -4402.11  0.00 -2592.82 
 121 -3914.07  0.00 -2592.82 
 122 -3810.12  0.00 -2592.82 
 123 -3280.38  0.00 -2592.82 
 124 -3538.63  0.00 -2592.82 
 125 -3390.23  0.00 -2592.82 
 126 -3659.23  0.00 -2592.82 
 127 -3176.42  0.00 -2592.82 
 128 -3664.85  0.00 -2592.82 
 129 -3383.35  0.00 -2592.82 
 130 -2999.61  0.00 -2592.82 
 131 -2902.82  0.00 -2592.82 
 132 -2673.36  0.00 -2592.82 
 133 -3477.69  0.00 -2592.82 
 134 -3538.55  0.00 -2592.82 
 135 -3316.98  0.00 -2592.82 
 136 -3309.10  0.00 -2592.82 
 137 -2950.69  0.00 -2592.82 
 138 -4404.18  0.00 -2592.82 
 139 -3101.21  0.00 -2592.82 
 140 -2988.31  0.00 -2592.82 
 141 -3063.94  0.00 -2592.82 
 142 -3154.86  0.00 -2592.82 
 143 -2497.11  0.00 -2592.82 
 144 -3388.11  0.00 -2497.11 
 145 -3553.80  0.00 -2497.11 
 146 -2663.06  0.00 -2497.11 
 147 -2549.55  0.00 -2497.11 
 148 -2742.90  0.00 -2497.11 
 149 -3202.16  0.00 -2497.11 
 150 -3066.03  0.00 -2497.11 
 151 -3603.47  0.00 -2497.11 
 152 -3309.26  0.00 -2497.11 
 153 -3169.93  0.00 -2497.11 
 154 -3338.83  0.00 -2497.11 
 155 -3278.53  0.00 -2497.11 
 156 -3210.93  0.00 -2497.11 
 157 -2950.65  0.00 -2497.11 
 158 -3044.64  0.00 -2497.11 
 159 -3078.24  0.00 -2497.11 
 160 -3308.31  0.00 -2497.11 
 161 -3217.73  0.00 -2497.11 
 162 -3292.32  0.00 -2497.11 
 163 -3186.99  0.00 -2497.11 
 164 -3316.75  0.00 -2497.11 
 165 -3204.82  0.00 -2497.11 
 166 -3136.42  0.00 -2497.11 
 167 -3106.71  0.00 -2497.11 
 168 -3422.70  0.00 -2497.11 
 169 -2846.13  0.00 -2497.11 
 170 -3741.96  0.00 -2497.11 
 171 -3134.07  0.00 -2497.11 
 172 -3211.74  0.00 -2497.11 
 173 -3562.44  0.00 -2497.11 
 174 -2751.80  0.00 -2497.11 
 175 -2703.13  0.00 -2497.11 
 176 -3248.09  0.00 -2497.11 
 177 -2837.53  0.00 -2497.11 
 178 -2816.40  0.00 -2497.11 
 179 -2453.32  0.00 -2497.11 
 180 -2874.52  0.00 -2453.32 
 181 -2989.30  0.00 -2453.32 
 182 -2749.55  0.00 -2453.32 
 183 -2712.11  0.00 -2453.32 
 184 -3537.88  0.00 -2453.32 
 185 -3783.60  0.00 -2453.32 
 186 -3444.15  0.00 -2453.32 
 187 -3440.89  0.00 -2453.32 
 188 -3634.77  0.00 -2453.32 
 189 -3336.74  0.00 -2453.32 
 190 -3305.12  0.00 -2453.32 
 191 -3211.83  0.00 -2453.32 
 192 -3389.74  0.00 -2453.32 
 193 -3174.57  0.00 -2453.32 
 194 -3688.68  0.00 -2453.32 
 195 -3662.56  0.00 -2453.32 
 196 -2830.25  0.00 -2453.32 
 197 -2752.09  0.00 -2453.32 
 198 -3014.83  0.00 -2453.32 
 199 -2647.05  0.00 -2453.32 
 200 -3427.34  0.00 -2453.32 
 201 -3006.24  0.00 -2453.32 
 202 -3351.64  0.00 -2453.32 
 203 -3504.39  0.00 -2453.32 
 204 -3001.14  0.00 -2453.32 
 205 -2995.28  0.00 -2453.32 
 206 -2872.39  0.00 -2453.32 
 207 -2852.36  0.00 -2453.32 
 208 -2745.76  0.00 -2453.32 
 209 -3412.29  0.00 -2453.32 
 210 -3381.83  0.00 -2453.32 
 211 -2878.37  0.00 -2453.32 
 212 -2637.27  0.00 -2453.32 
 213 -3269.01  0.00 -2453.32 
 214 -2609.03  0.00 -2453.32 
 215 -2657.14  0.00 -2453.32 
 216 -3067.47  0.00 -2453.32 
 217 -3385.92  0.00 -2453.32 
 218 -3515.72  0.00 -2453.32 
 219 -3657.65  0.00 -2453.32 
 220 -2690.21  0.00 -2453.32 
 221 -1490.05  0.00 -2453.32 
 222 -3380.23  0.00 -1490.05 
 223 -3481.20  0.00 -1490.05 
 224 -3663.53  0.00 -1490.05 
 225 -3628.74  0.00 -1490.05 
 226 -3239.82  0.00 -1490.05 
 227 -4205.03  0.00 -1490.05 
 228 -3412.83  0.00 -1490.05 
 229 -3124.42  0.00 -1490.05 
 230 -2067.14  0.00 -1490.05 
 231 -2647.43  0.00 -1490.05 
 232 -3381.25  0.00 -1490.05 
 233 -2875.90  0.00 -1490.05 
 234 -2031.77  0.00 -1490.05 
 235 -3521.46  0.00 -1490.05 
 236 -3272.42  0.00 -1490.05 
 237 -3226.99  0.00 -1490.05 
 238 -2470.51  0.00 -1490.05 
 239 -2717.68  0.00 -1490.05 
 240 -2385.28  0.00 -1490.05 
 241 -2899.69  0.00 -1490.05 
 242 -2730.50  0.00 -1490.05 
 243 -2508.48  0.00 -1490.05 
 244 -1896.83  0.00 -1490.05 
 245 -3172.93  0.00 -1490.05 
 246 -3320.51  0.00 -1490.05 
 247 -2765.41  0.00 -1490.05 
 248 -3452.36  0.00 -1490.05 
 249 -3216.97  0.00 -1490.05 
 250 -3356.77  0.00 -1490.05 
 251 -2965.92  0.00 -1490.05 
 252 -2750.29  0.00 -1490.05 
 253 -3002.90  0.00 -1490.05 
 254 -2714.10  0.00 -1490.05 
 255 -2656.57  0.00 -1490.05 
 256 -2879.86  0.00 -1490.05 
 257 -3026.58  0.00 -1490.05 
 258 -2905.64  0.00 -1490.05 
 259 -2621.29  0.00 -1490.05 
 260 -2504.42  0.00 -1490.05 
 261 -2309.79  0.00 -1490.05 
 262 -1972.18  0.00 -1490.05 
 263 -2185.48  0.00 -1490.05 
 264 -2483.10  0.00 -1490.05 
